[1221s] Epoch 4750 (6.3893 eps), error 0.0804246, LR 1

--- Tuned Backward Pawn Penalty ---
BLOcked Pawn Penalty: mg = -13.6051, eg = -24.49
Forward controlled Backward pawn Penalty: mg = -20.184, eg = -26.7461
Free to advance backward penalty: mg = -7.3965, eg = -3.56767

--- Tuned Isolated Pawn Penalty ---
Isolated Pawn Penalty: mg = -17, eg = -10
blocked isoltaed pawn penalty: mg = -16.1068, eg = 5.38307

--- Tuned Passed Pawn Bonuses ---

const int MG_PST[64] = {
        {    0,   0,   0,   0,   0,   0,   0,   0,
          -21,   0, -17, -45, -15,  16,  36,   8,
            2,  -1, -23, -23, -19,  -4, -20,  13,
           12,   7, -17, -18, -17,  -6, -21,  -3,
           35,  23,  23,  19,  -1,  12, -13, -15,
           53,  62,  30,  25,  19,  10, -21, -33,
           69,  73,  68, 105,  78,  98,   1,  11,
            0,   0,   0,   0,   0,   0,   0,   0};

const int EG_PST[64] = {
        {    0,   0,   0,   0,   0,   0,   0,   0,
            8,   2,   0,  21, -10, -15, -11,   1,
            6,  10,   9,   4,   3,   2,  26,   4,
           38,  30,  26,  20,  20,  24,  43,  39,
           67,  61,  42,  36,  34,  44,  65,  71,
          128, 113,  93,  64,  77,  91, 101, 123,
           69,  59,  68,  41,  56,  37,  71,  83,
            0,   0,   0,   0,   0,   0,   0,   0};

--- Tuned Double Pawn Penalty ---
Double Pawn Penalty for file a: mg = -13.5351, eg = -20.0755
Double Pawn Penalty for file b: mg = 13.82, eg = -20.1395
Double Pawn Penalty for file c: mg = -5.07098, eg = -16.1122
Double Pawn Penalty for file d: mg = -5.19747, eg = -12.5398
Double Pawn Penalty for file e: mg = -4.59019, eg = -11.3093
Double Pawn Penalty for file f: mg = -7.96331, eg = -18.3337
Double Pawn Penalty for file g: mg = -8.88867, eg = -14.0915
Double Pawn Penalty for file h: mg = -35.0181, eg = -20.0287

const int MG_PST[6][64] = {
    // White Pieces (Color::WHITE)
        // Pawns (PieceType::PAWN)
        {    0,   0,   0,   0,   0,   0,   0,   0,
          -37, -20,  -4, -37,  -5,  27,  48,   9,
          -52, -33, -27, -26, -17, -16,  30,   2,
          -44, -25,  -9,  13,   9,   4,  14,  -4,
          -38, -13,  -3,  11,  45,  27,  33,  17,
          -24, -11,  33,  47,  60,  97,  79,  41,
           27,  28,  37,  32,  39,  14,  -2, -19,
            0,   0,   0,   0,   0,   0,   0,   0 },
        // Knights (PieceType::KNIGHT)
        {    0,   0,   0,   0,   0,   0,   0,   0,
            0,   0,   0,   0,   0,   0,   0,   0,
            0,   0,   0,   0,   0,   0,   0,   0,
            0,   0,   0,   0,   0,   0,   0,   0,
            0,   0,   0,   0,   0,   0,   0,   0,
            0,   0,   0,   0,   0,   0,   0,   0,
            0,   0,   0,   0,   0,   0,   0,   0,
            0,   0,   0,   0,   0,   0,   0,   0 },
        // Bishops (PieceType::BISHOP)
        {    0,   0,   0,   0,   0,   0,   0,   0,
            0,   0,   0,   0,   0,   0,   0,   0,
            0,   0,   0,   0,   0,   0,   0,   0,
            0,   0,   0,   0,   0,   0,   0,   0,
            0,   0,   0,   0,   0,   0,   0,   0,
            0,   0,   0,   0,   0,   0,   0,   0,
            0,   0,   0,   0,   0,   0,   0,   0,
            0,   0,   0,   0,   0,   0,   0,   0 },
        // Rooks (PieceType::ROOK)
        {    0,   0,   0,   0,   0,   0,   0,   0,
            0,   0,   0,   0,   0,   0,   0,   0,
            0,   0,   0,   0,   0,   0,   0,   0,
            0,   0,   0,   0,   0,   0,   0,   0,
            0,   0,   0,   0,   0,   0,   0,   0,
            0,   0,   0,   0,   0,   0,   0,   0,
            0,   0,   0,   0,   0,   0,   0,   0,
            0,   0,   0,   0,   0,   0,   0,   0 },
        // Queens (PieceType::QUEEN)
        {    0,   0,   0,   0,   0,   0,   0,   0,
            0,   0,   0,   0,   0,   0,   0,   0,
            0,   0,   0,   0,   0,   0,   0,   0,
            0,   0,   0,   0,   0,   0,   0,   0,
            0,   0,   0,   0,   0,   0,   0,   0,
            0,   0,   0,   0,   0,   0,   0,   0,
            0,   0,   0,   0,   0,   0,   0,   0,
            0,   0,   0,   0,   0,   0,   0,   0 },
        // Kings (PieceType::KING)
        {    0,   0,   0,   0,   0,   0,   0,   0,
            0,   0,   0,   0,   0,   0,   0,   0,
            0,   0,   0,   0,   0,   0,   0,   0,
            0,   0,   0,   0,   0,   0,   0,   0,
            0,   0,   0,   0,   0,   0,   0,   0,
            0,   0,   0,   0,   0,   0,   0,   0,
            0,   0,   0,   0,   0,   0,   0,   0,
            0,   0,   0,   0,   0,   0,   0,   0 }
};

const int EG_PST[6][64] = {
    // White Pieces (Color::WHITE)
        // Pawns (PieceType::PAWN)
        {    0,   0,   0,   0,   0,   0,   0,   0,
           -1,   8,   7,   0,  17,   2, -16, -24,
           -4,   1,   0,   5,   7,   2, -17, -25,
           -1,   8,  -2,  -6,  -3,  -3,  -7, -19,
           13,  13,   7,  -6,  -4,  -1,   1,  -6,
           16,  29,  14,  11,  -3,   0,  21,  13,
          111, 112, 100,  81,  73,  95, 107, 106,
            0,   0,   0,   0,   0,   0,   0,   0 },
        // Knights (PieceType::KNIGHT)
        {    0,   0,   0,   0,   0,   0,   0,   0,
            0,   0,   0,   0,   0,   0,   0,   0,
            0,   0,   0,   0,   0,   0,   0,   0,
            0,   0,   0,   0,   0,   0,   0,   0,
            0,   0,   0,   0,   0,   0,   0,   0,
            0,   0,   0,   0,   0,   0,   0,   0,
            0,   0,   0,   0,   0,   0,   0,   0,
            0,   0,   0,   0,   0,   0,   0,   0 },
        // Bishops (PieceType::BISHOP)
        {    0,   0,   0,   0,   0,   0,   0,   0,
            0,   0,   0,   0,   0,   0,   0,   0,
            0,   0,   0,   0,   0,   0,   0,   0,
            0,   0,   0,   0,   0,   0,   0,   0,
            0,   0,   0,   0,   0,   0,   0,   0,
            0,   0,   0,   0,   0,   0,   0,   0,
            0,   0,   0,   0,   0,   0,   0,   0,
            0,   0,   0,   0,   0,   0,   0,   0 },
        // Rooks (PieceType::ROOK)
        {    0,   0,   0,   0,   0,   0,   0,   0,
            0,   0,   0,   0,   0,   0,   0,   0,
            0,   0,   0,   0,   0,   0,   0,   0,
            0,   0,   0,   0,   0,   0,   0,   0,
            0,   0,   0,   0,   0,   0,   0,   0,
            0,   0,   0,   0,   0,   0,   0,   0,
            0,   0,   0,   0,   0,   0,   0,   0,
            0,   0,   0,   0,   0,   0,   0,   0 },
        // Queens (PieceType::QUEEN)
        {    0,   0,   0,   0,   0,   0,   0,   0,
            0,   0,   0,   0,   0,   0,   0,   0,
            0,   0,   0,   0,   0,   0,   0,   0,
            0,   0,   0,   0,   0,   0,   0,   0,
            0,   0,   0,   0,   0,   0,   0,   0,
            0,   0,   0,   0,   0,   0,   0,   0,
            0,   0,   0,   0,   0,   0,   0,   0,
            0,   0,   0,   0,   0,   0,   0,   0 },
        // Kings (PieceType::KING)
        {    0,   0,   0,   0,   0,   0,   0,   0,
            0,   0,   0,   0,   0,   0,   0,   0,
            0,   0,   0,   0,   0,   0,   0,   0,
            0,   0,   0,   0,   0,   0,   0,   0,
            0,   0,   0,   0,   0,   0,   0,   0,
            0,   0,   0,   0,   0,   0,   0,   0,
            0,   0,   0,   0,   0,   0,   0,   0,
            0,   0,   0,   0,   0,   0,   0,   0 }
};






[902s] Epoch 1500 (4.07146 eps), error 0.0798617, LR 1
--- Tuned Piece Values ---
Pawn:   mg = 100, eg = 100
Knight: mg = 320.44, eg = 369.453
Bishop: mg = 357.703, eg = 382.49
Rook:   mg = 424.753, eg = 656.741
Queen:  mg = 926.328, eg = 1233.46

--- Tuned Backward Pawn Penalty ---
BLOcked Pawn Penalty: mg = -12.3047, eg = -24.8846
Forward controlled Backward pawn Penalty: mg = -18.9487, eg = -26.5581
Free to advance backward penalty: mg = -6.19028, eg = -3.69579

--- Tuned Isolated Pawn Penalty ---
Isolated Pawn Penalty: mg = -11.673, eg = -3.24847
blocked isoltaed pawn penalty: mg = -20.5289, eg = 4.25621

--- Tuned Passed Pawn Bonuses ---

const int MG_PST[64] = {
        {    0,   0,   0,   0,   0,   0,   0,   0,
          -15,   8, -19, -45, -16,  12,  38,   7,
            7,   6, -25, -24, -21,  -3, -15,  15,
           14,  14, -20, -20, -20,  -7, -15,  -3,
           31,  25,  21,  17,  -5,   9, -13, -22,
           43,  56,  21,  19,  10,   3, -29, -50,
          -11, -25, -10,  -7,  -9, -12,  -8,  -3,
            0,   0,   0,   0,   0,   0,   0,   0};

const int EG_PST[64] = {
        {    0,   0,   0,   0,   0,   0,   0,   0,
            8,   6,   2,  22,  -7, -11,  -2,   5,
            8,  14,  10,   5,   4,   4,  32,   7,
           44,  37,  29,  21,  22,  28,  50,  42,
           79,  73,  49,  40,  38,  51,  75,  80,
          148, 135, 107,  75,  89, 103, 117, 141,
           46,  45,  41,  35,  36,  40,  38,  41,
            0,   0,   0,   0,   0,   0,   0,   0};

--- Tuned Double Pawn Penalty ---
Double Pawn Penalty for file a: mg = 1.78219, eg = -20.5457
Double Pawn Penalty for file b: mg = 30.2603, eg = -19.2161
Double Pawn Penalty for file c: mg = 2.08512, eg = -14.9283
Double Pawn Penalty for file d: mg = -1.1531, eg = -12.3551
Double Pawn Penalty for file e: mg = -1.58176, eg = -9.796
Double Pawn Penalty for file f: mg = -1.45042, eg = -16.5564
Double Pawn Penalty for file g: mg = 6.80314, eg = -13.3164
Double Pawn Penalty for file h: mg = -17.8918, eg = -24.1576

const int MG_PST[6][64] = {
    // White Pieces (Color::WHITE)
        // Pawns (PieceType::PAWN)
        {    0,   0,   0,   0,   0,   0,   0,   0,
          -47, -40, -14, -47, -14,  18,  29,   1,
          -62, -53, -36, -35, -25, -27,  11,  -5,
          -56, -45, -19,   6,   1,  -6,  -6, -13,
          -50, -32, -12,   5,  39,  18,  14,   8,
          -36, -30,  27,  42,  58,  93,  61,  31,
           73,  90,  84, 125, 104, 100, -26, -39,
            0,   0,   0,   0,   0,   0,   0,   0 },
        // Knights (PieceType::KNIGHT)
        {    0,   0,   0,   0,   0,   0,   0,   0,
            0,   0,   0,   0,   0,   0,   0,   0,
            0,   0,   0,   0,   0,   0,   0,   0,
            0,   0,   0,   0,   0,   0,   0,   0,
            0,   0,   0,   0,   0,   0,   0,   0,
            0,   0,   0,   0,   0,   0,   0,   0,
            0,   0,   0,   0,   0,   0,   0,   0,
            0,   0,   0,   0,   0,   0,   0,   0 },
        // Bishops (PieceType::BISHOP)
        {    0,   0,   0,   0,   0,   0,   0,   0,
            0,   0,   0,   0,   0,   0,   0,   0,
            0,   0,   0,   0,   0,   0,   0,   0,
            0,   0,   0,   0,   0,   0,   0,   0,
            0,   0,   0,   0,   0,   0,   0,   0,
            0,   0,   0,   0,   0,   0,   0,   0,
            0,   0,   0,   0,   0,   0,   0,   0,
            0,   0,   0,   0,   0,   0,   0,   0 },
        // Rooks (PieceType::ROOK)
        {    0,   0,   0,   0,   0,   0,   0,   0,
            0,   0,   0,   0,   0,   0,   0,   0,
            0,   0,   0,   0,   0,   0,   0,   0,
            0,   0,   0,   0,   0,   0,   0,   0,
            0,   0,   0,   0,   0,   0,   0,   0,
            0,   0,   0,   0,   0,   0,   0,   0,
            0,   0,   0,   0,   0,   0,   0,   0,
            0,   0,   0,   0,   0,   0,   0,   0 },
        // Queens (PieceType::QUEEN)
        {    0,   0,   0,   0,   0,   0,   0,   0,
            0,   0,   0,   0,   0,   0,   0,   0,
            0,   0,   0,   0,   0,   0,   0,   0,
            0,   0,   0,   0,   0,   0,   0,   0,
            0,   0,   0,   0,   0,   0,   0,   0,
            0,   0,   0,   0,   0,   0,   0,   0,
            0,   0,   0,   0,   0,   0,   0,   0,
            0,   0,   0,   0,   0,   0,   0,   0 },
        // Kings (PieceType::KING)
        {    0,   0,   0,   0,   0,   0,   0,   0,
            0,   0,   0,   0,   0,   0,   0,   0,
            0,   0,   0,   0,   0,   0,   0,   0,
            0,   0,   0,   0,   0,   0,   0,   0,
            0,   0,   0,   0,   0,   0,   0,   0,
            0,   0,   0,   0,   0,   0,   0,   0,
            0,   0,   0,   0,   0,   0,   0,   0,
            0,   0,   0,   0,   0,   0,   0,   0 }
};

const int EG_PST[6][64] = {
    // White Pieces (Color::WHITE)
        // Pawns (PieceType::PAWN)
        {    0,   0,   0,   0,   0,   0,   0,   0,
            8,  18,  21,  11,  30,  16,  -3, -13,
            5,  12,  13,  19,  21,  15,  -3, -13,
            9,  19,  12,   8,  11,  11,   6,  -5,
           25,  26,  22,   9,  12,  14,  15,   8,
           29,  43,  30,  27,  13,  18,  41,  31,
          181, 175, 172, 127, 130, 135, 181, 192,
            0,   0,   0,   0,   0,   0,   0,   0 },
        // Knights (PieceType::KNIGHT)
        {    0,   0,   0,   0,   0,   0,   0,   0,
            0,   0,   0,   0,   0,   0,   0,   0,
            0,   0,   0,   0,   0,   0,   0,   0,
            0,   0,   0,   0,   0,   0,   0,   0,
            0,   0,   0,   0,   0,   0,   0,   0,
            0,   0,   0,   0,   0,   0,   0,   0,
            0,   0,   0,   0,   0,   0,   0,   0,
            0,   0,   0,   0,   0,   0,   0,   0 },
        // Bishops (PieceType::BISHOP)
        {    0,   0,   0,   0,   0,   0,   0,   0,
            0,   0,   0,   0,   0,   0,   0,   0,
            0,   0,   0,   0,   0,   0,   0,   0,
            0,   0,   0,   0,   0,   0,   0,   0,
            0,   0,   0,   0,   0,   0,   0,   0,
            0,   0,   0,   0,   0,   0,   0,   0,
            0,   0,   0,   0,   0,   0,   0,   0,
            0,   0,   0,   0,   0,   0,   0,   0 },
        // Rooks (PieceType::ROOK)
        {    0,   0,   0,   0,   0,   0,   0,   0,
            0,   0,   0,   0,   0,   0,   0,   0,
            0,   0,   0,   0,   0,   0,   0,   0,
            0,   0,   0,   0,   0,   0,   0,   0,
            0,   0,   0,   0,   0,   0,   0,   0,
            0,   0,   0,   0,   0,   0,   0,   0,
            0,   0,   0,   0,   0,   0,   0,   0,
            0,   0,   0,   0,   0,   0,   0,   0 },
        // Queens (PieceType::QUEEN)
        {    0,   0,   0,   0,   0,   0,   0,   0,
            0,   0,   0,   0,   0,   0,   0,   0,
            0,   0,   0,   0,   0,   0,   0,   0,
            0,   0,   0,   0,   0,   0,   0,   0,
            0,   0,   0,   0,   0,   0,   0,   0,
            0,   0,   0,   0,   0,   0,   0,   0,
            0,   0,   0,   0,   0,   0,   0,   0,
            0,   0,   0,   0,   0,   0,   0,   0 },
        // Kings (PieceType::KING)
        {    0,   0,   0,   0,   0,   0,   0,   0,
            0,   0,   0,   0,   0,   0,   0,   0,
            0,   0,   0,   0,   0,   0,   0,   0,
            0,   0,   0,   0,   0,   0,   0,   0,
            0,   0,   0,   0,   0,   0,   0,   0,
            0,   0,   0,   0,   0,   0,   0,   0,
            0,   0,   0,   0,   0,   0,   0,   0,
            0,   0,   0,   0,   0,   0,   0,   0 }
};
